:
0.4143 0.5014
0.4029 0.5014
0.3871 0.5086
0.3729 0.5143
0.3529 0.5229
0.3357 0.4943
0.3429 0.4786
0.3386 0.5086
0.3443 0.5143
0.3586 0.4714
0.3757 0.4671
0.3814 0.4671
0.3929 0.4700
0.4057 0.4729
0.4071 0.4757
0.4157 0.4886
0.4157 0.4886
0.4200 0.4971
0.4114 0.4814
0.3600 0.5186

:
0.4929 0.5257
0.4971 0.5386
0.4971 0.5686
0.5000 0.5886
0.4986 0.6214
0.4943 0.6514
0.4957 0.6643
0.5129 0.6571
0.5257 0.6400
0.5286 0.6200
0.5300 0.5986
0.5314 0.5829
0.5329 0.5600
0.5329 0.5400
0.5257 0.5257
0.5057 0.5100
0.4986 0.5071
0.4829 0.5171
0.5014 0.6000
0.4957 0.6357

:
0.3543 0.7186
0.3486 0.7500
0.3657 0.7786
0.4186 0.8043
0.4443 0.7629
0.4129 0.7257
0.3729 0.7257
0.3843 0.7171
0.3857 0.7829
0.3971 0.7986
0.4371 0.7500
0.4300 0.7386

:
0.4814 0.4500
0.4629 0.4457
0.4229 0.4400
0.4000 0.4329
0.3743 0.4286
0.3486 0.4257
0.3429 0.4343
0.3271 0.4657
0.3486 0.4629
0.3871 0.4614
0.4171 0.4743
0.4400 0.4771
0.4686 0.4700
0.4814 0.4629
0.4800 0.4557

