left eye wide-shadow:
0.492 0.537
0.487 0.521
0.483 0.514
0.478 0.507
0.47 0.499
0.461 0.491
0.453 0.488
0.442 0.487
0.43 0.487
0.414 0.486
0.4 0.485
0.385 0.487
0.367 0.492
0.354 0.491
0.342 0.492
0.339 0.505
0.344 0.518
0.346 0.529
0.351 0.535
0.356 0.536
0.372 0.533
0.38 0.526
0.39 0.52
0.402 0.515
0.418 0.513
0.434 0.511
0.445 0.512
0.455 0.517
0.463 0.521
0.473 0.528
0.481 0.533
0.489 0.537

left eye narrow-shadow:
0.482 0.53
0.476 0.522
0.469 0.514
0.464 0.51
0.455 0.506
0.446 0.502
0.438 0.502
0.429 0.5
0.419 0.498
0.407 0.498
0.397 0.498
0.387 0.5
0.378 0.504
0.368 0.506
0.363 0.509
0.356 0.514
0.356 0.523
0.361 0.528
0.369 0.528
0.377 0.525
0.385 0.52
0.393 0.516
0.403 0.513
0.413 0.51
0.424 0.508
0.436 0.508
0.45 0.51
0.46 0.513
0.469 0.517

left eyeline:
0.475 0.528
0.466 0.521
0.454 0.514
0.44 0.51
0.425 0.514
0.412 0.515
0.401 0.518
0.391 0.521
0.381 0.528
0.374 0.533
0.367 0.532
0.357 0.532

left eyebrow:
0.497 0.478
0.496 0.462
0.487 0.453
0.476 0.45
0.457 0.448
0.428 0.442
0.403 0.437
0.386 0.432
0.367 0.441
0.35 0.446
0.341 0.45
0.333 0.453
0.326 0.459
0.321 0.462
0.329 0.463
0.338 0.462
0.357 0.459
0.375 0.458
0.395 0.459
0.411 0.461
0.426 0.464
0.452 0.467
0.469 0.472
0.479 0.474
0.491 0.478

left nose shadow:
0.516 0.494
0.527 0.507
0.533 0.518
0.538 0.527
0.542 0.548
0.548 0.563
0.548 0.573
0.548 0.59
0.548 0.604
0.547 0.625
0.548 0.645
0.549 0.659
0.547 0.669
0.528 0.672
0.522 0.667
0.517 0.66
0.514 0.651
0.513 0.639
0.515 0.631
0.517 0.622
0.517 0.616
0.52 0.602
0.521 0.592
0.521 0.585
0.521 0.571
0.52 0.556
0.519 0.549
0.517 0.542
0.515 0.537
0.512 0.531
0.509 0.526
0.504 0.515
0.502 0.51
0.5 0.506
0.492 0.495
0.488 0.488
0.496 0.487
0.51 0.491
0.519 0.494

left eye highlight:
0.495 0.535
0.489 0.526
0.483 0.52
0.475 0.512
0.469 0.506
0.469 0.497
0.474 0.49
0.483 0.494
0.489 0.498
0.498 0.51
0.505 0.521
0.507 0.529
0.506 0.535
0.5 0.537

left cheek shadow:
0.298 0.529
0.299 0.553
0.303 0.571
0.305 0.592
0.307 0.611
0.311 0.629
0.313 0.641
0.317 0.656
0.307 0.64
0.303 0.627
0.299 0.607
0.295 0.591
0.294 0.575
0.294 0.556
0.294 0.536

left cheek lower shadow:
0.4 0.8314285714285714
0.3942857142857143 0.8171428571428572
0.39 0.8057142857142857
0.38 0.7871428571428571
0.3742857142857143 0.7714285714285715
0.3628571428571429 0.7585714285714286
0.3557142857142857 0.7457142857142857
0.3485714285714286 0.7385714285714285
0.34285714285714286 0.7342857142857143
0.3442857142857143 0.7485714285714286
0.3514285714285714 0.7614285714285715
0.3557142857142857 0.7714285714285715
0.36 0.78
0.36714285714285716 0.7885714285714286
0.37285714285714283 0.8014285714285714
0.37857142857142856 0.8114285714285714
0.38285714285714284 0.82
0.38857142857142857 0.8257142857142857
0.3942857142857143 0.8328571428571429

jaw highlight:
0.5485714285714286 0.92
0.5628571428571428 0.9228571428571428
0.58 0.9257142857142857
0.6 0.9157142857142857
0.5971428571428572 0.8914285714285715
0.5957142857142858 0.8757142857142857
0.58 0.8671428571428571
0.5714285714285714 0.8657142857142858
0.5542857142857143 0.8742857142857143
0.5457142857142857 0.8871428571428571
0.5485714285714286 0.9042857142857142

forehead highlight:
0.6271428571428571 0.43
0.6271428571428571 0.40714285714285714
0.6028571428571429 0.3985714285714286
0.57 0.39714285714285713
0.5442857142857143 0.4
0.5157142857142857 0.4042857142857143
0.48714285714285716 0.41285714285714287
0.48 0.42714285714285716
0.49857142857142855 0.44285714285714284
0.5114285714285715 0.45285714285714285
0.52 0.4642857142857143
0.5285714285714286 0.47714285714285715
0.5371428571428571 0.48714285714285716
0.5471428571428572 0.49
0.5671428571428572 0.49142857142857144
0.5828571428571429 0.48142857142857143
0.5828571428571429 0.4642857142857143
0.5842857142857143 0.4542857142857143
0.59 0.44857142857142857
0.6028571428571429 0.44
0.6157142857142858 0.4357142857142857

